0 0.51989 0 0 0 0
11000 0.960436 1 0 0 0
22000 0.960828 0.99 0 0 0
33000 0.960618 0.99 0 0 0
44000 0.951038 0.99 0 0 0
55000 0.960436 1 0 0 0
66000 0.953964 0.95 0 0 0
77000 0.960436 1 0 0 0
88000 0.956214 0.98 0 0 0
99000 0.960436 1 0 0 0
110000 0.942509 0.98 0 0 0
121000 0.950832 0.99 0 0 0
132000 0.952669 0.98 0 0 0
143000 0.960436 1 0 0 0
154000 0.960436 1 0 0 0
165000 0.960436 1 0 0 0
176000 0.960636 0.99 0 0 0
187000 0.960668 0.99 0 0 0
198000 0.960828 0.99 0 0 0
209000 0.958234 0.98 0 0 0
220000 0.951409 0.98 0 0 0
231000 0.960436 1 0 0 0
242000 0.960436 1 0 0 0
253000 0.960436 1 0 0 0
264000 0.954336 0.98 0 0 0
275000 0.9604 0.95 0 0 0
286000 0.952395 0.98 0 0 0
297000 0.953564 0.97 0 0 0
308000 0.928564 0.94 0 0 0
319000 0.953356 0.97 0 0.02 0
330000 0.951865 0.98 0 0 0
341000 0.960436 1 0 0 0
352000 0.954433 0.94 0 0 0
363000 0.960436 1 0 0 0
374000 0.954524 0.99 0 0 0
385000 0.955534 0.98 0 0 0
396000 0.959893 0.99 0 0 0
407000 0.960428 0.97 0 0 0
418000 0.953414 0.96 0 0.02 0
429000 0.952341 0.99 0 0 0
440000 0.960562 0.85 0 0 0
451000 0.960436 1 0 0 0
462000 0.960436 1 0 0 0
473000 0.960436 1 0 0 0
484000 0.941206 0.96 0 0 0
495000 0.960436 1 0 0 0
506000 0.960436 1 0 0 0
517000 0.953216 0.95 0 0 0
528000 0.960828 0.99 0 0 0
539000 0.960456 0.97 0 0 0.03
550000 0.940443 0.96 0 0 0
561000 0.949429 0.98 0 0 0
572000 0.947968 0.98 0 0 0
583000 0.956056 0.98 0 0 0
594000 0.960832 0.99 0 0 0
605000 0.960624 0.99 0 0 0
616000 0.951894 0.99 0 0 0
627000 0.953676 0.99 0 0 0
638000 0.960436 1 0 0 0
649000 0.955837 0.99 0 0 0
660000 0.960436 1 0 0 0
671000 0.960436 1 0 0 0
682000 0.960436 1 0 0 0
693000 0.960423 0.99 0 0 0
704000 0.951228 0.99 0 0 0
715000 0.935119 0.96 0 0 0
726000 0.960372 0.97 0 0 0
737000 0.960409 0.98 0 0 0
748000 0.946119 0.97 0 0 0
759000 0.954196 0.95 0 0 0
770000 0.960832 0.99 0 0 0
781000 0.960617 0.99 0 0 0
792000 0.960436 1 0 0 0
803000 0.93963 0.92 0 0 0
814000 0.95175 0.98 0 0 0
825000 0.960436 1 0 0 0
836000 0.953298 0.99 0 0 0
847000 0.960832 0.99 0 0 0
858000 0.944951 0.97 0 0 0
869000 0.960436 1 0 0 0
880000 0.960655 0.99 0 0 0
891000 0.961227 0.98 0 0 0
902000 0.960832 0.99 0 0 0
913000 0.955825 0.99 0 0 0
924000 0.960436 1 0 0 0
935000 0.957064 0.99 0 0 0
946000 0.960832 0.99 0 0 0
957000 0.954155 0.99 0 0 0
968000 0.94299 0.97 0 0 0
979000 0.960436 1 0 0 0
990000 0.951037 0.99 0 0 0
1001000 0.960436 1 0 0 0
1012000 0.937718 0.96 0 0 0
1023000 0.961064 0.98 0 0 0
1034000 0.960436 1 0 0 0
1045000 0.960436 1 0 0 0
1056000 0.960436 1 0 0 0
1067000 0.960436 1 0 0 0
1078000 0.949845 0.95 0 0 0
1089000 0.960832 0.99 0 0 0
1100000 0.954783 0.98 0 0 0
1111000 0.960809 0.98 0 0 0
1122000 0.934794 0.96 0 0 0
1133000 0.960438 0.99 0 0 0
1144000 0.944574 0.96 0 0 0
1155000 0.960436 1 0 0 0
1166000 0.960436 1 0 0 0
1177000 0.960436 1 0 0 0
1188000 0.960436 1 0 0 0
1199000 0.950326 0.94 0 0 0
1210000 0.961023 0.97 0 0 0
1221000 0.960411 0.99 0 0 0
1232000 0.960514 0.88 0 0 0.12
1243000 0.960508 0.89 0 0 0.11
1254000 0.942926 0.05 0 0 0.92
1265000 0.615264 0 0 0 0.64
1276000 0.883621 0 0 0 0.91
1287000 0.644112 0 0 0 0.66
1298000 0.960255 0.15 0 0 0.8
1309000 0.955758 0.36 0 0 0.46
1320000 0.95128 0.62 0 0 0.37
1331000 0.960586 0.77 0 0 0.23
1342000 0.960436 1 0 0 0
1353000 0.952206 0.99 0 0 0
1364000 0.949477 0.98 0 0 0
1375000 0.95194 0.96 0 0.03 0
1386000 0.953402 0.99 0 0 0
1397000 0.958046 0.98 0 0 0
1408000 0.960416 0.99 0 0 0
1419000 0.946406 0.97 0 0 0
1430000 0.955831 0.99 0 0 0
1441000 0.960436 1 0 0 0
1452000 0.961623 0.97 0 0 0
1463000 0.960436 1 0 0 0
1474000 0.960436 1 0 0 0
1485000 0.960828 0.99 0 0 0
1496000 0.960623 0.99 0 0 0
1507000 0.960828 0.99 0 0 0
1518000 0.960832 0.99 0 0 0
1529000 0.960436 1 0 0 0
1540000 0.960641 0.99 0 0 0
1551000 0.960436 1 0 0 0
1562000 0.940483 0.94 0 0 0
1573000 0.956167 0.98 0 0 0
1584000 0.960436 1 0 0 0
1595000 0.960436 1 0 0 0
1606000 0.960436 1 0 0 0
1617000 0.960436 1 0 0 0
1628000 0.953614 0.97 0 0 0
1639000 0.953601 0.98 0 0 0
1650000 0.960436 1 0 0 0
1661000 0.960832 0.99 0 0 0
1672000 0.960828 0.99 0 0 0
1683000 0.951107 0.96 0 0 0
1694000 0.960436 1 0 0 0
1705000 0.939232 0.96 0 0 0
1716000 0.960832 0.99 0 0 0
1727000 0.953866 0.97 0 0 0
1738000 0.961059 0.98 0 0 0
1749000 0.96041 0.98 0 0 0
1760000 0.954937 0.98 0 0 0
1771000 0.952736 0.99 0 0 0
1782000 0.960436 1 0 0 0
1793000 0.961227 0.98 0 0 0
1804000 0.960436 1 0 0 0
1815000 0.960832 0.99 0 0 0
1826000 0.955591 0.99 0 0 0
1837000 0.960436 1 0 0 0
1848000 0.960832 0.99 0 0 0
1859000 0.956019 0.98 0 0 0
1870000 0.960436 1 0 0 0
1881000 0.960729 0.94 0 0 0
1892000 0.955832 0.99 0 0 0
1903000 0.948018 0.79 0.16 0 0.03
1914000 0.960436 1 0 0 0
1925000 0.960812 0.98 0 0 0
1936000 0.960259 0.93 0 0 0
1947000 0.955251 0.97 0 0 0
1958000 0.960436 1 0 0 0
1969000 0.95234 0.99 0 0 0
1980000 0.953191 0.98 0 0 0
1991000 0.961121 0.91 0 0.07 0
2002000 0.937042 0.97 0 0 0
2013000 0.960634 0.98 0 0 0
2024000 0.953218 0.99 0 0 0
2035000 0.948113 0.97 0 0 0
2046000 0.960634 0.99 0 0 0
2057000 0.944667 0.97 0 0 0
2068000 0.960436 1 0 0 0
2079000 0.951219 0.97 0 0 0
2090000 0.950754 0.93 0 0 0
2101000 0.960624 0.99 0 0 0
2112000 0.951076 0.96 0 0 0.02
2123000 0.960832 0.99 0 0 0
2134000 0.955831 0.99 0 0 0
2145000 0.960396 0.99 0 0 0
2156000 0.942575 0.97 0 0 0
2167000 0.961227 0.98 0 0 0
2178000 0.960828 0.99 0 0 0
2189000 0.960083 0.76 0.23 0 0
2200000 0.960436 1 0 0 0
2211000 0.960436 1 0 0 0
2222000 0.960415 0.99 0 0 0
2233000 0.960436 1 0 0 0
2244000 0.960436 1 0 0 0
2255000 0.943141 0.98 0 0 0
2266000 0.945363 0.97 0 0 0
2277000 0.951032 0.99 0 0 0
2288000 0.958879 0.98 0 0 0
2299000 0.960832 0.99 0 0 0
2310000 0.936446 0.96 0 0 0
2321000 0.953113 0.99 0 0 0
2332000 0.952547 0.99 0 0 0
2343000 0.960436 1 0 0 0
2354000 0.960035 0.99 0 0 0
2365000 0.960436 1 0 0 0
2376000 0.960436 1 0 0 0
2387000 0.960436 1 0 0 0
2398000 0.960436 1 0 0 0
2409000 0.944943 0.96 0 0 0
2420000 0.95932 0.99 0 0 0
2431000 0.960828 0.99 0 0 0
2442000 0.960667 0.99 0 0 0
2453000 0.960436 1 0 0 0
2464000 0.938964 0.22 0 0 0.75
2475000 0.585399 0 0 0.4 0.21
2486000 0.663161 0 0 0 0.69
2497000 0.953112 0.86 0 0 0.13
2508000 0.960203 0.88 0 0 0
2519000 0.960318 0.93 0 0 0
2530000 0.96037 0.97 0 0 0
2541000 0.960832 0.99 0 0 0
2552000 0.96002 0.99 0 0 0
2563000 0.961227 0.98 0 0 0
2574000 0.960436 1 0 0 0
2585000 0.949591 0.71 0 0 0.23
2596000 0.960412 0.99 0.01 0 0
2607000 0.950748 0.86 0 0 0
2618000 0.960436 1 0 0 0
2629000 0.960436 1 0 0 0
2640000 0.960436 1 0 0 0
2651000 0.960436 1 0 0 0
2662000 0.960624 0.99 0 0 0
2673000 0.960832 0.99 0 0 0
2684000 0.953193 0.99 0 0 0
2695000 0.961601 0.96 0 0 0
2706000 0.960832 0.99 0 0 0
2717000 0.943152 0.93 0 0 0
2728000 0.960832 0.99 0 0 0
2739000 0.960436 1 0 0 0
2750000 0.960436 1 0 0 0
2761000 0.960436 1 0 0 0
2772000 0.943818 0.97 0 0 0
2783000 0.94469 0.98 0 0 0
2794000 0.960415 0.99 0 0 0
2805000 0.946049 0.98 0 0 0
2816000 0.953298 0.99 0 0 0
2827000 0.947046 0.98 0 0 0
2838000 0.960436 1 0 0 0
2849000 0.953309 0.99 0 0 0
2860000 0.956424 0.99 0 0 0
2871000 0.947715 0.98 0 0 0
2882000 0.960631 0.99 0 0 0
2893000 0.952403 0.95 0 0 0
2904000 0.95341 0.98 0 0 0
2915000 0.960436 1 0 0 0
2926000 0.960436 1 0 0 0
2937000 0.960436 1 0 0 0
2948000 0.958755 0.98 0 0 0
2959000 0.960832 0.99 0 0 0
2970000 0.960639 0.99 0 0 0
2981000 0.960436 1 0 0 0
2992000 0.961229 0.97 0 0 0
3003000 0.961225 0.97 0 0 0
3014000 0.960436 1 0 0 0
3025000 0.953764 0.99 0 0 0
3036000 0.951808 0.99 0 0 0
3047000 0.951226 0.98 0 0 0
3058000 0.960436 1 0 0 0
3069000 0.961227 0.98 0 0 0
3080000 0.954756 0.99 0 0 0
3091000 0.960436 1 0 0 0
3102000 0.949649 0.97 0 0 0
3113000 0.960832 0.99 0 0 0
3124000 0.961003 0.98 0 0 0
3135000 0.960436 1 0 0 0
3146000 0.960436 1 0 0 0
3157000 0.960436 1 0 0 0
3168000 0.960436 1 0 0 0
3179000 0.960436 1 0 0 0
3190000 0.960436 1 0 0 0
3201000 0.960393 0.99 0 0 0
3212000 0.960632 0.99 0 0 0
3223000 0.960832 0.99 0 0 0
3234000 0.960632 0.99 0 0 0
3245000 0.945885 0.97 0 0 0
3256000 0.951635 0.88 0 0 0
3267000 0.960436 1 0 0 0
3278000 0.960436 1 0 0 0
3289000 0.960436 1 0 0 0
3300000 0.95102 0.98 0 0 0
3311000 0.951668 0.97 0 0 0
3322000 0.953822 0.94 0 0 0
3333000 0.941744 0.96 0 0 0
3344000 0.947523 0.97 0 0 0
3355000 0.960436 1 0 0 0
3366000 0.960436 1 0 0 0
3377000 0.960808 0.98 0.01 0 0
3388000 0.960449 0.98 0 0 0.02
3399000 0.953509 0.98 0 0 0
3410000 0.950832 0.99 0 0 0
3421000 0.936348 0.96 0 0 0
3432000 0.960832 0.99 0 0 0
3443000 0.950379 0.98 0 0 0
3454000 0.958019 0.93 0 0 0
3465000 0.938601 0.97 0 0 0
3476000 0.960436 1 0 0 0
3487000 0.960436 1 0 0 0
3498000 0.960436 1 0 0 0
3509000 0.945352 0.95 0 0 0
3520000 0.961223 0.98 0 0 0
3531000 0.960628 0.98 0 0 0
3542000 0.960436 1 0 0 0
3553000 0.960653 0.91 0 0 0
3564000 0.960436 1 0 0 0
3575000 0.960832 0.99 0 0 0
3586000 0.960436 1 0 0 0
3597000 0.960436 1 0 0 0
3608000 0.950832 0.99 0 0 0
3619000 0.960436 1 0 0 0
3630000 0.960828 0.99 0 0 0
3641000 0.957369 0.98 0 0 0
3652000 0.948102 0.96 0 0 0.01
3663000 0.941965 0.96 0 0 0
3674000 0.960436 1 0 0 0
3685000 0.960832 0.99 0 0 0
3696000 0.952483 0.99 0 0 0
3707000 0.951799 0.99 0 0 0
3718000 0.95837 0.99 0 0 0
3729000 0.960033 0.9 0 0 0
3740000 0.960416 0.99 0 0 0
3751000 0.96064 0.99 0 0 0
3762000 0.948782 0.97 0 0 0
3773000 0.958273 0.99 0 0 0
3784000 0.93764 0.95 0 0 0
3795000 0.960832 0.99 0 0 0
3806000 0.943525 0.98 0 0 0
3817000 0.960832 0.99 0 0 0
3828000 0.960635 0.99 0 0 0
3839000 0.960436 1 0 0 0
3850000 0.948206 0.95 0 0 0
3861000 0.960436 1 0 0 0
3872000 0.960436 1 0 0 0
3883000 0.960818 0.97 0 0.01 0
3894000 0.960832 0.99 0 0 0
3905000 0.960436 1 0 0 0
3916000 0.960436 1 0 0 0
3927000 0.960623 0.99 0 0 0
3938000 0.939675 0.96 0 0 0
3949000 0.941622 0.94 0 0 0
3960000 0.960832 0.99 0 0 0
3971000 0.960315 0.92 0 0.08 0
3982000 0.9605 0.97 0 0 0
3993000 0.960629 0.99 0 0 0
4004000 0.960436 1 0 0 0
4015000 0.960828 0.99 0 0 0
4026000 0.951022 0.99 0 0 0
4037000 0.960431 0.99 0 0 0
4048000 0.960388 0.98 0.02 0 0
4059000 0.960436 1 0 0 0
4070000 0.954631 0.95 0 0 0
4081000 0.947164 0.95 0 0 0
4092000 0.960436 1 0 0 0
4103000 0.960428 0.99 0 0 0
4114000 0.944721 0.93 0 0 0
4125000 0.959621 0.99 0 0 0
4136000 0.954178 0.97 0 0 0
4147000 0.952386 0.95 0 0 0
4158000 0.960436 1 0 0 0
4169000 0.954006 0.99 0 0 0
4180000 0.952921 0.99 0 0 0
4191000 0.948114 0.98 0 0 0
4202000 0.951761 0.97 0 0 0
4213000 0.961223 0.98 0 0 0
4224000 0.937673 0.91 0 0 0
4235000 0.954042 0.98 0 0 0
4246000 0.944724 0.98 0 0 0
4257000 0.960436 1 0 0 0
4268000 0.944695 0.98 0 0 0
4279000 0.960436 1 0 0 0
4290000 0.960436 1 0 0 0
4301000 0.960436 1 0 0 0
4312000 0.960377 0.97 0 0 0
4323000 0.95169 0.99 0 0 0
4334000 0.946622 0.97 0 0 0
4345000 0.951008 0.99 0 0 0
4356000 0.948339 0.98 0 0 0
4367000 0.960335 0.96 0 0 0
4378000 0.960436 1 0 0 0
4389000 0.960436 1 0 0 0
4400000 0.947365 0.98 0 0 0
4411000 0.947746 0.98 0 0 0
4422000 0.960828 0.99 0 0 0
4433000 0.952986 0.96 0 0 0
4444000 0.95252 0.99 0 0 0
4455000 0.94247 0.97 0 0 0
4466000 0.942642 0.98 0 0 0
4477000 0.945528 0.95 0 0 0
4488000 0.960436 1 0 0 0
4499000 0.960436 1 0 0 0
4510000 0.95393 0.97 0 0 0
4521000 0.960436 1 0 0 0
4532000 0.950541 0.95 0 0 0
4543000 0.947915 0.98 0 0 0
4554000 0.960436 1 0 0 0
4565000 0.942687 0.45 0 0 0.5
4576000 0.730428 0 0 0 0.76
4587000 0.9408 0 0 0 0.75
4598000 0.950986 0 0.48 0 0.49
4609000 0.932636 0.03 0 0 0.94
4620000 0.95153 0.18 0 0 0.81
4631000 0.95326 0.97 0 0 0
4642000 0.95752 0.99 0 0 0
4653000 0.960436 1 0 0 0
4664000 0.960436 1 0 0 0
4675000 0.953611 0.98 0 0 0
4686000 0.960436 1 0 0 0
4697000 0.959849 0.91 0 0 0.07
4708000 0.955037 0.98 0 0 0
4719000 0.934428 0.96 0 0 0
4730000 0.960436 1 0 0 0
4741000 0.960832 0.99 0 0 0
4752000 0.960436 1 0 0 0
4763000 0.961027 0.98 0 0 0
4774000 0.960436 1 0 0 0
4785000 0.946071 0.91 0 0 0
4796000 0.960832 0.99 0 0 0
4807000 0.953631 0.98 0 0 0
4818000 0.953544 0.98 0 0.01 0
4829000 0.950832 0.99 0 0 0
4840000 0.960115 0.86 0 0 0
4851000 0.960436 1 0 0 0
4862000 0.953697 0.98 0 0 0
4873000 0.960436 1 0 0 0
4884000 0.960832 0.99 0 0 0
4895000 0.960436 1 0 0 0
4906000 0.958207 0.96 0 0 0
4917000 0.960832 0.99 0 0 0
4928000 0.960627 0.99 0 0 0
4939000 0.9451 0.96 0 0 0.02
4950000 0.958186 0.99 0 0 0
4961000 0.960461 0.8 0 0 0
4972000 0.951429 0.99 0 0 0
4983000 0.930641 0.96 0 0 0
4994000 0.941717 0.96 0 0 0
5005000 0.960832 0.99 0 0 0
5016000 0.960627 0.99 0 0 0
5027000 0.960436 1 0 0 0
5038000 0.939953 0.95 0 0 0
5049000 0.953247 0.97 0 0 0
5060000 0.960436 1 0 0 0
5071000 0.960891 0.9 0 0 0.09
5082000 0.960828 0.99 0 0 0
5093000 0.955097 0.71 0 0 0
5104000 0.960832 0.99 0 0 0
5115000 0.960431 0.99 0 0 0
5126000 0.951427 0.97 0 0 0
5137000 0.961623 0.97 0 0 0
5148000 0.954074 0.99 0 0 0
5159000 0.961227 0.98 0 0 0
5170000 0.945541 0.98 0 0 0
5181000 0.960436 1 0 0 0
5192000 0.961223 0.98 0 0 0
5203000 0.956606 0.97 0 0 0
5214000 0.960436 1 0 0 0
5225000 0.950832 0.99 0 0 0
5236000 0.961623 0.97 0 0 0
5247000 0.958704 0.98 0 0 0
5258000 0.942983 0.96 0 0 0
5269000 0.960436 1 0 0 0
5280000 0.960357 0.96 0 0 0
5291000 0.960436 1 0 0 0
5302000 0.953526 0.98 0 0 0
5313000 0.953373 0.99 0 0 0
5324000 0.924278 0.94 0 0 0
5335000 0.960436 1 0 0 0
5346000 0.943919 0.98 0 0 0
5357000 0.960832 0.99 0 0 0
5368000 0.96062 0.96 0 0 0
5379000 0.956111 0.98 0 0 0
5390000 0.960832 0.99 0 0 0
5401000 0.960397 0.98 0 0 0
5412000 0.96218 0.95 0 0 0
5423000 0.960828 0.99 0 0 0
5434000 0.960436 1 0 0 0
5445000 0.960685 0.62 0 0 0.38
5456000 0.944178 0.16 0 0 0.81
5467000 0.909485 0.1 0 0 0.84
5478000 0.960495 0.91 0 0 0.09
5489000 0.961227 0.98 0 0 0
5500000 0.960617 0.99 0 0 0
5511000 0.960436 1 0 0 0
5522000 0.952294 0.97 0 0 0
5533000 0.960436 1 0 0 0
5544000 0.95181 0.99 0 0 0
5555000 0.946832 0.98 0 0 0
5566000 0.952094 0.98 0 0 0
5577000 0.960531 0.85 0 0 0
5588000 0.953301 0.99 0 0 0
5599000 0.960345 0.93 0 0 0
5610000 0.958293 0.99 0 0 0
5621000 0.952079 0.97 0 0 0
5632000 0.960397 0.97 0 0 0
5643000 0.960787 0.98 0 0 0
5654000 0.960436 1 0 0 0
5665000 0.951806 0.99 0 0 0
5676000 0.960436 1 0 0 0
5687000 0.961227 0.98 0 0 0
5698000 0.938124 0.97 0 0 0
5709000 0.954198 0.99 0 0 0
5720000 0.959887 0.99 0 0 0
5731000 0.954523 0.96 0 0 0
5742000 0.960436 1 0 0 0
5753000 0.960393 0.99 0 0 0
5764000 0.953384 0.99 0 0 0
5775000 0.953335 0.99 0 0 0
5786000 0.954088 0.99 0 0 0
5797000 0.960639 0.99 0 0 0
5808000 0.949331 0.96 0 0 0
5819000 0.960393 0.99 0 0 0
5830000 0.960436 1 0 0 0
5841000 0.960834 0.98 0 0 0
5852000 0.961223 0.98 0 0 0
5863000 0.945547 0.94 0 0 0
5874000 0.961227 0.98 0 0 0
5885000 0.960832 0.99 0 0 0
5896000 0.960828 0.99 0 0 0
5907000 0.960832 0.99 0 0 0
5918000 0.960832 0.99 0 0 0
5929000 0.961227 0.98 0 0 0
5940000 0.9466 0.97 0 0 0
5951000 0.960832 0.99 0 0 0
5962000 0.96044 0.98 0 0 0
5973000 0.951472 0.93 0 0 0
5984000 0.960443 0.99 0 0 0.01
5995000 0.961227 0.98 0 0 0
6006000 0.95471 0.92 0 0 0.06
6017000 0.960416 0.99 0 0 0
6028000 0.95349 0.98 0 0 0
6039000 0.942961 0.95 0 0 0
6050000 0.960436 1 0 0 0
6061000 0.94961 0.98 0 0 0
6072000 0.955832 0.99 0 0 0
6083000 0.960436 1 0 0 0
6094000 0.960832 0.99 0 0 0
6105000 0.960436 1 0 0 0
6116000 0.960436 1 0 0 0
6127000 0.945097 0.96 0 0 0
6138000 0.960436 1 0 0 0
6149000 0.960436 1 0 0 0
6160000 0.955044 0.97 0 0 0
6171000 0.960632 0.99 0 0 0
6182000 0.954669 0.99 0 0 0
6193000 0.961227 0.98 0 0 0
6204000 0.960436 1 0 0 0
6215000 0.942886 0.9 0 0 0
6226000 0.960436 1 0 0 0
6237000 0.960702 0.5 0.02 0 0.48
6248000 0.54783 0 0 0 0.57
6259000 0.740039 0 0 0 0.77
6270000 0.912095 0.07 0 0 0.86
6281000 0.956388 0 0.03 0 0.96
6292000 0.945221 0.55 0.08 0 0.33
6303000 0.961534 0.26 0 0 0.72
6314000 0.624916 0 0 0 0.65
6325000 0.750056 0 0 0 0.78
6336000 0.960802 0.44 0 0 0.56
6347000 0.960858 0.95 0 0 0.04
6358000 0.960436 1 0 0 0
6369000 0.951035 0.99 0 0 0
6380000 0.960647 0.99 0 0 0
6391000 0.960436 1 0 0 0
6402000 0.86681 0 0 0 0.79
6413000 0.958748 0 0 0 0.5
6424000 0.451712 0 0 0 0.47
6435000 0.958034 0 0.85 0 0
6446000 0.958024 0 1 0 0
6457000 0.958035 0 0.99 0 0
6468000 0.95676 0 0.99 0 0
6479000 0.958671 0 0.98 0 0
6490000 0.954083 0 0.94 0 0
6501000 0.95844 0 0.99 0 0
6512000 0.958024 0 1 0 0
6523000 0.951324 0 0.69 0.29 0
6534000 0.958334 0 0.96 0 0
6545000 0.948597 0 0.99 0 0
6556000 0.958847 0 0.97 0 0
6567000 0.958024 0 1 0 0
6578000 0.958024 0 1 0 0
6589000 0.951114 0 0.18 0 0.8
6600000 0.721619 0 0 0 0.74
6611000 0.557445 0 0 0 0.58
6622000 0.874785 0 0 0 0.91
6633000 0.653541 0 0 0 0.68
6644000 0.960385 0 0.23 0 0.77
6655000 0.717687 0 0 0 0.73
6666000 0.63482 0 0 0 0.66
6677000 0.96081 0.28 0 0 0.52
6688000 0.933162 0.08 0 0 0.88
6699000 0.606013 0 0 0 0.63
6710000 0.960832 0.99 0 0 0
6721000 0.951017 0.99 0 0 0
6732000 0.960559 0.96 0 0 0
6743000 0.952104 0.99 0 0 0
6754000 0.960832 0.99 0 0 0
6765000 0.942559 0.98 0 0 0
6776000 0.959665 0.93 0 0 0
6787000 0.960436 1 0 0 0
6798000 0.949243 0.98 0 0 0
6809000 0.961072 0.98 0 0 0
6820000 0.960827 0.98 0 0 0
6831000 0.960386 0.95 0 0 0
6842000 0.953634 0.99 0 0 0
6853000 0.955824 0.99 0 0 0
6864000 0.960436 1 0 0 0
6875000 0.954988 0.98 0 0 0
6886000 0.954239 0.44 0 0 0.55
6897000 0.960881 0.17 0 0 0.8
6908000 0.442269 0 0 0 0.46
6919000 0.955292 0.59 0 0 0.39
6930000 0.947903 0.9 0 0 0
6941000 0.953298 0.99 0 0 0
6952000 0.945834 0.9 0 0 0
6963000 0.960436 1 0 0 0
6974000 0.960436 1 0 0 0
6985000 0.960436 1 0 0 0
6996000 0.960436 1 0 0 0
7007000 0.946908 0.96 0 0 0
7018000 0.951395 0.97 0 0 0
7029000 0.950806 0.98 0 0 0
7040000 0.960267 0.93 0.07 0 0
7051000 0.960436 1 0 0 0
7062000 0.939026 0.96 0 0 0
7073000 0.937268 0.89 0.06 0 0
7084000 0.960372 0.97 0 0 0
7095000 0.954295 0.96 0 0 0
7106000 0.960436 1 0 0 0
7117000 0.952819 0.96 0 0 0
7128000 0.960436 1 0 0 0
7139000 0.945878 0.71 0.06 0.21 0
7150000 0.95192 0.96 0 0 0
7161000 0.950832 0.99 0 0 0
7172000 0.96102 0.98 0 0 0
7183000 0.960436 1 0 0 0
7194000 0.960632 0.99 0 0 0
7205000 0.960436 1 0 0 0
7216000 0.951887 0.99 0 0 0
7227000 0.960833 0.98 0 0 0
7238000 0.951981 0.99 0 0 0
7249000 0.960436 1 0 0 0
7260000 0.960436 1 0 0 0
7271000 0.954418 0.99 0 0 0
7282000 0.95333 0.99 0 0 0
7293000 0.947228 0.96 0 0 0
7304000 0.937533 0.95 0 0 0
7315000 0.954006 0.97 0 0 0
7326000 0.960436 1 0 0 0
7337000 0.950832 0.99 0 0 0
7348000 0.960364 0.97 0.03 0 0
7359000 0.955238 0.98 0 0 0
7370000 0.955768 0.99 0 0 0
7381000 0.95348 0.98 0 0 0
7392000 0.952315 0.98 0 0 0
7403000 0.959168 0.82 0.17 0 0
7414000 0.960821 0.98 0 0 0
7425000 0.946518 0.96 0 0 0
7436000 0.960436 1 0 0 0
7447000 0.95008 0.98 0 0 0
7458000 0.960788 0.98 0 0 0
7469000 0.961227 0.98 0 0 0
7480000 0.953446 0.98 0 0 0
7491000 0.95681 0.99 0 0 0
7502000 0.961024 0.98 0 0 0
7513000 0.960634 0.99 0 0 0
7524000 0.944185 0.88 0.08 0 0
7535000 0.950683 0.98 0 0 0
7546000 0.960436 1 0 0 0
7557000 0.960436 1 0 0 0
7568000 0.961227 0.98 0 0 0
7579000 0.957795 0.87 0 0 0
7590000 0.961227 0.98 0 0 0
7601000 0.955035 0.92 0 0 0
7612000 0.95959 0.79 0 0 0
7623000 0.960821 0.98 0 0 0
7634000 0.960423 0.99 0 0 0
7645000 0.960832 0.99 0 0 0
7656000 0.954338 0.99 0 0 0
7667000 0.94921 0.98 0 0 0
7678000 0.954574 0.99 0 0 0
7689000 0.939278 0.95 0 0 0
7700000 0.960904 0.98 0 0 0
7711000 0.960436 1 0 0 0
7722000 0.946292 0.92 0 0 0
7733000 0.960436 1 0 0 0
7744000 0.960832 0.99 0 0 0
7755000 0.949003 0.97 0 0 0
7766000 0.951227 0.98 0 0 0
7777000 0.932411 0.97 0 0 0
7788000 0.960435 0.98 0 0 0
7799000 0.961427 0.97 0 0 0
7810000 0.953012 0.99 0 0 0
7821000 0.960436 1 0 0 0
7832000 0.960385 0.98 0 0 0
7843000 0.961227 0.98 0 0 0
7854000 0.96044 0.99 0 0 0
7865000 0.954232 0.97 0 0 0
7876000 0.954046 0.95 0 0 0
7887000 0.960828 0.99 0 0 0
7898000 0.960629 0.99 0 0 0
7909000 0.942203 0.77 0 0 0.05
7920000 0.958331 0.99 0 0 0
7931000 0.950911 0.98 0 0 0
7942000 0.952595 0.99 0 0 0
7953000 0.960436 1 0 0 0
7964000 0.943787 0.98 0 0 0
7975000 0.960436 1 0 0 0
7986000 0.952411 0.72 0.21 0 0
7997000 0.962019 0.96 0 0 0
8008000 0.960436 1 0 0 0
8019000 0.952646 0.98 0 0 0
8030000 0.960436 1 0 0 0
8041000 0.96067 0.99 0 0 0
8052000 0.938106 0.97 0 0 0
8063000 0.951227 0.98 0 0 0
8074000 0.960436 1 0 0 0
8085000 0.932526 0.93 0 0 0
8096000 0.94014 0.85 0 0 0
8107000 0.957292 0.98 0 0 0
8118000 0.960832 0.99 0 0 0
8129000 0.951428 0.98 0 0 0
8140000 0.952347 0.97 0 0 0
8151000 0.960436 1 0 0 0
8162000 0.961227 0.98 0 0 0
8173000 0.956592 0.96 0 0 0
8184000 0.953423 0.98 0 0 0
8195000 0.947657 0.97 0 0 0
8206000 0.952209 0.99 0 0 0
8217000 0.954338 0.99 0 0 0
8228000 0.960267 0.93 0.07 0 0
8239000 0.955867 0.99 0 0 0
8250000 0.960436 1 0 0 0
8261000 0.95334 0.99 0 0 0
8272000 0.952732 0.97 0 0 0
8283000 0.952451 0.96 0 0 0
8294000 0.960436 1 0 0 0
8305000 0.961227 0.98 0 0 0
8316000 0.949959 0.95 0 0 0
8327000 0.950832 0.99 0 0 0
8338000 0.960436 1 0 0 0
8349000 0.960639 0.99 0 0 0
8360000 0.949202 0.97 0 0 0
8371000 0.961227 0.98 0 0 0
8382000 0.950832 0.99 0 0 0
8393000 0.960832 0.99 0 0 0
8404000 0.960832 0.99 0 0 0
8415000 0.960396 0.99 0 0 0
8426000 0.960828 0.99 0 0 0
8437000 0.96081 0.98 0 0 0
8448000 0.95321 0.98 0 0 0
8459000 0.956215 0.98 0 0 0
8470000 0.960436 1 0 0 0
8481000 0.960763 0.96 0 0 0
8492000 0.95623 0.97 0 0 0
8503000 0.960436 1 0 0 0
8514000 0.940769 0.95 0 0 0
8525000 0.954524 0.99 0 0 0
8536000 0.961335 0.97 0 0 0
8547000 0.955836 0.99 0 0 0
8558000 0.960436 1 0 0 0
8569000 0.940363 0.96 0 0 0
8580000 0.960436 1 0 0 0
8591000 0.955557 0.97 0 0 0
8602000 0.960436 1 0 0 0
8613000 0.952414 0.95 0 0 0
8624000 0.95409 0.97 0 0 0
8635000 0.961619 0.97 0 0 0
8646000 0.953304 0.99 0 0 0
8657000 0.960414 0.99 0 0 0
8668000 0.961223 0.98 0 0 0
8679000 0.673251 0 0 0 0.7
8690000 0.346413 0 0 0 0.36
8701000 0.916565 0 0.05 0 0.88
8712000 0.500194 0 0 0 0.51
8723000 0.954685 0.32 0 0 0.61
8734000 0.962179 0.12 0 0 0.85
8745000 0.653741 0 0 0 0.68
8756000 0.528966 0 0 0 0.55
8767000 0.960521 0.87 0 0 0.13
8778000 0.960835 0.98 0 0 0
8789000 0.953031 0.99 0 0 0
8800000 0.960436 1 0 0 0
8811000 0.959037 0.96 0 0 0
8822000 0.958174 0.99 0 0 0
8833000 0.960421 0.99 0 0.01 0
8844000 0.955822 0.99 0 0 0
8855000 0.948454 0.87 0.1 0 0
8866000 0.960436 1 0 0 0
8877000 0.961623 0.97 0 0 0
8888000 0.960436 1 0 0 0
8899000 0.960436 1 0 0 0
8910000 0.960436 1 0 0 0
8921000 0.960436 1 0 0 0
8932000 0.960436 1 0 0 0
8943000 0.960436 1 0 0 0
8954000 0.960975 0.96 0.02 0 0
8965000 0.960082 0.98 0 0 0
8976000 0.960436 1 0 0 0
8987000 0.94527 0.97 0 0 0
8998000 0.950999 0.99 0 0 0
9009000 0.944734 0.98 0 0 0
9020000 0.956047 0.99 0 0 0
9031000 0.951874 0.96 0 0 0
9042000 0.952376 0.98 0 0 0
9053000 0.960436 1 0 0 0
9064000 0.960436 1 0 0 0
9075000 0.960788 0.98 0 0 0
9086000 0.952398 0.98 0 0 0
9097000 0.960832 0.99 0 0 0
9108000 0.954303 0.96 0 0 0
9119000 0.960436 1 0 0 0
9130000 0.960436 1 0 0 0
9141000 0.960835 0.98 0 0 0
9152000 0.951234 0.97 0 0 0.01
9163000 0.951063 0.98 0 0 0
9174000 0.947411 0.95 0 0 0
9185000 0.961227 0.98 0 0 0
9196000 0.952466 0.97 0 0 0
9207000 0.950832 0.99 0 0 0
9218000 0.951157 0.84 0 0 0
9229000 0.956612 0.97 0 0 0
9240000 0.960436 1 0 0 0
9251000 0.960214 0.98 0 0 0
9262000 0.95331 0.99 0 0 0
9273000 0.960436 1 0 0 0
9284000 0.951965 0.98 0 0 0
9295000 0.960667 0.99 0 0 0
9306000 0.960436 1 0 0 0
9317000 0.960651 0.97 0 0 0.02
9328000 0.960832 0.99 0 0 0
9339000 0.960436 1 0 0 0
9350000 0.961223 0.98 0 0 0
9361000 0.960436 1 0 0 0
9372000 0.960442 0.97 0 0 0
9383000 0.940488 0.93 0 0 0
9394000 0.960436 1 0 0 0
9405000 0.95331 0.99 0 0 0
9416000 0.960436 1 0 0 0
9427000 0.960436 1 0 0 0
9438000 0.953776 0.99 0 0 0
9449000 0.9301 0.93 0 0 0
9460000 0.943965 0.97 0 0 0
9471000 0.951458 0.97 0 0 0
9482000 0.951229 0.97 0 0 0
9493000 0.955554 0.99 0 0 0
9504000 0.943881 0.98 0 0 0
9515000 0.95876 0.98 0 0 0
9526000 0.960421 0.99 0 0.01 0
9537000 0.951562 0.94 0 0 0
9548000 0.960436 1 0 0 0
9559000 0.950629 0.91 0 0 0
9570000 0.942277 0.89 0 0 0
9581000 0.960436 1 0 0 0
9592000 0.960421 0.99 0 0.01 0
9603000 0.960436 1 0 0 0
9614000 0.960345 0.94 0 0.06 0
9625000 0.960436 1 0 0 0
9636000 0.960436 1 0 0 0
9647000 0.955151 0.99 0 0 0
9658000 0.953331 0.99 0 0 0
9669000 0.958699 0.28 0.72 0 0
9680000 0.956043 0 0.96 0 0
9691000 0.951654 0 0.97 0 0
9702000 0.958471 0 0.92 0 0
9713000 0.957023 0 0.99 0 0
9724000 0.958439 0 0.98 0 0
9735000 0.95092 0 0.99 0 0
9746000 0.950117 0 0.91 0.04 0
9757000 0.958663 0 0.72 0 0
9768000 0.943183 0 0.97 0 0
9779000 0.949101 0 0.96 0 0
9790000 0.950043 0 0.98 0 0
9801000 0.958024 0 1 0 0
9812000 0.940506 0 0.53 0 0.44
9823000 0.957915 0 0.92 0.07 0
9834000 0.958165 0.01 0.86 0.13 0
9845000 0.941689 0 0.87 0.1 0
9856000 0.953402 0 0.35 0.59 0
9867000 0.945977 0 0.49 0.49 0
9878000 0.770063 0 0 0.78 0
9889000 0.777125 0 0 0.81 0
9900000 0.952486 0.97 0 0 0
9911000 0.951039 0.99 0 0 0
9922000 0.960436 1 0 0 0
9933000 0.954929 0.91 0 0 0
9944000 0.960436 1 0 0 0
9955000 0.944574 0.97 0 0 0
9966000 0.943179 0.97 0 0 0
9977000 0.951452 0.98 0 0 0
9988000 0.960194 0.84 0 0.16 0
9999000 0.94279 0.95 0 0 0
10010000 0.960436 1 0 0 0
10021000 0.958288 0.99 0 0 0
10032000 0.941769 0.93 0 0 0
10043000 0.951495 0.99 0 0 0
10054000 0.960397 0.97 0 0 0
10065000 0.956779 0.98 0 0 0
10076000 0.954093 0.94 0 0 0
10087000 0.960416 0.99 0 0 0
10098000 0.956065 0.98 0 0 0
10109000 0.960469 0.92 0 0 0.07
10120000 0.960832 0.99 0 0 0
10131000 0.953304 0.99 0 0 0
10142000 0.960436 1 0 0 0
10153000 0.960412 0.99 0.01 0 0
10164000 0.960632 0.99 0 0 0
10175000 0.950566 0.85 0 0 0
10186000 0.952963 0.92 0 0 0.05
10197000 0.955066 0.98 0 0 0
10208000 0.947865 0.92 0.03 0 0
10219000 0.960301 0.93 0 0 0
10230000 0.960449 0.98 0 0 0.02
10241000 0.958349 0.97 0 0 0
10252000 0.956182 0.96 0 0.02 0
10263000 0.92609 0.92 0 0 0
10274000 0.95692 0.99 0 0 0
10285000 0.955831 0.99 0 0 0
10296000 0.960436 1 0 0 0
10307000 0.953301 0.99 0 0 0
10318000 0.952333 0.99 0 0 0
10329000 0.960436 1 0 0 0
10340000 0.960396 0.99 0 0 0
10351000 0.960838 0.98 0 0 0
10362000 0.960436 1 0 0 0
10373000 0.941118 0.89 0 0 0
10384000 0.953022 0.98 0 0 0
10395000 0.960436 1 0 0 0
10406000 0.960436 1 0 0 0
10417000 0.952899 0.98 0 0 0
10428000 0.947016 0.98 0 0 0
10439000 0.960436 1 0 0 0
10450000 0.952329 0.4 0 0 0
10461000 0.960445 0.99 0 0 0
10472000 0.960632 0.99 0 0 0
10483000 0.955633 0.94 0 0 0
10494000 0.945081 0.96 0 0 0
10505000 0.960412 0.99 0.01 0 0
10516000 0.950789 0.97 0 0 0
10527000 0.937235 0.95 0 0 0
10538000 0.960436 1 0 0 0
10549000 0.961391 0.96 0.01 0 0
10560000 0.953642 0.96 0 0 0
10571000 0.955163 0.97 0 0 0
10582000 0.960832 0.99 0 0 0
10593000 0.953502 0.97 0 0 0
10604000 0.951042 0.99 0 0 0
10615000 0.960436 1 0 0 0
10626000 0.960436 1 0 0 0
10637000 0.956228 0.98 0 0 0
10648000 0.951434 0.97 0 0 0
10659000 0.950389 0.98 0 0 0
10670000 0.953569 0.99 0 0 0
10681000 0.950832 0.99 0 0 0
10692000 0.942939 0.97 0 0 0
10703000 0.960436 1 0 0 0
10714000 0.960631 0.99 0 0 0
10725000 0.934896 0.97 0 0 0
10736000 0.955675 0.99 0 0 0
10747000 0.960436 1 0 0 0
10758000 0.960436 1 0 0 0
10769000 0.961623 0.97 0 0 0
10780000 0.960436 1 0 0 0
10791000 0.960436 1 0 0 0
10802000 0.960832 0.99 0 0 0
10813000 0.960436 1 0 0 0
10824000 0.956744 0.98 0 0 0
10835000 0.960626 0.99 0 0 0
10846000 0.960436 1 0 0 0
10857000 0.953699 0.98 0 0 0
10868000 0.941623 0.97 0 0 0
10879000 0.953262 0.96 0 0 0.01
10890000 0.947789 0.97 0 0 0
10901000 0.960436 1 0 0 0
10912000 0.936683 0.97 0 0 0
10923000 0.954842 0.99 0 0 0
10934000 0.960436 1 0 0 0
10945000 0.960832 0.99 0 0 0
10956000 0.960832 0.99 0 0 0
10967000 0.960436 1 0 0 0
10978000 0.951227 0.98 0 0 0
10989000 0.957038 0.99 0 0 0